2	3	4	5	6	7	8	9	10	11	12	13	14	15	16
130006D1	0.199845188345733	0.0685953860487831	0.247503014273756	0.106197301809638	0.0894610668206759	0.0635918869917504	0.0510337268354393	0.0386936641454413	0.0387719049096381	0.0269647907232517	0.0206855554567078	0.0163863849178693	0.0122667755938677	0.00983120209868153	0.0101721510287664
130008D1	0.136780892736951	0.0924089701477039	0.351632871478518	0.125416581598922	0.0816496058869078	0.0539325959952137	0.0362794504373488	0.029701244868205	0.0211214712338793	0.0163928587117173	0.0140806124584847	0.0132813474804046	0.0110061349092786	0.00803604051487175	0.00827932154159278
130009D1	0.146531543287775	0.0744774513095135	0.3525836046355	0.139037952218498	0.0898968853988112	0.0525785591221441	0.0334090897953691	0.0253120321422373	0.0198757033928357	0.0152198080245636	0.0130150331941208	0.0121315694044458	0.0103566559848021	0.00756426033523011	0.00800985175415406
130010D1	0.165256336972832	0.0601202671859897	0.23958866295866	0.124597092283444	0.100927960133097	0.0728535397244656	0.0542612892014044	0.0454748208935438	0.0402354383083344	0.0310569773265157	0.0204755861737452	0.0151060270517711	0.0117940688953725	0.00875011638773359	0.0095018165030917
130011D1	0.199907391285684	0.0678654201740912	0.214139914383357	0.112104616088299	0.101095201604023	0.0707734006615395	0.0537008900733798	0.0409295359080275	0.040125208661544	0.0282102147777144	0.0220321722681539	0.0162593988714248	0.0128538594727632	0.0100007192237332	0.0100020565462661
130012D1	0.150167834900895	0.0568008074612377	0.210124222589617	0.129179097886416	0.116921178246057	0.072787912547002	0.058537877918875	0.0458370788205196	0.0507267955217526	0.0331621270855523	0.0259523478470661	0.0171492509235528	0.0123677521228281	0.00962058562420462	0.0106651305044243
130013D1	0.106074870397786	0.0621872797814867	0.379889916006492	0.154426118770277	0.0991482166654542	0.0584019362999816	0.0338683135012714	0.026999533239942	0.0180900130845049	0.0140019507277619	0.0117124856609278	0.0111343812958211	0.0097315289412735	0.006937732362443	0.00739572326457771
110001T1	0.12886651161532	0.0701601472037057	0.373721827845946	0.149558555021549	0.0923736312815042	0.0514671908971305	0.030960582340178	0.02453837943409	0.0185335547505313	0.013820302574063	0.0121992200697337	0.0108612575509066	0.00924026704130197	0.0066635079534478	0.00703506442059233
110002T1	0.204326238711474	0.105198110803173	0.325278114036188	0.103815668242486	0.064890219823603	0.0438527373315714	0.0318799076256476	0.0264588014977511	0.020816323239226	0.0161303892843225	0.0146748049208426	0.0135202241812958	0.0118700385721916	0.00854971149230061	0.00873871023792602
110003T1	0.134700620237645	0.0776208344916743	0.392163319625413	0.120719382501416	0.07611124383086	0.0497811590699772	0.0324551608875653	0.0279717648080071	0.0194364245542962	0.0154594514948572	0.0133116124414701	0.0127112202962409	0.0112685008716895	0.00802221492477846	0.00826708996411016
110004T1	0.19079211003993	0.111707185375197	0.346669094048976	0.109463263291722	0.0661942851810271	0.0419912529889379	0.0280841700968714	0.0249040304253485	0.0166913059334067	0.0138058804372424	0.0120060948739831	0.0116675653093377	0.010626153324934	0.00763210732883349	0.00776550134425384
110005T1	0.149979763469709	0.0714296793384896	0.328147029713177	0.151746623817539	0.100719584346784	0.0566394741272827	0.0349981643153081	0.0246512537688722	0.0227936025273629	0.0151393923075967	0.011930525575594	0.0107310362098562	0.00854182622765211	0.00623074834045045	0.0063212959143257
110006T1	0.105900329076312	0.0598651977469949	0.219674952934321	0.138670376547831	0.119889384842417	0.0923819477381823	0.0656792856443841	0.0549806778840524	0.0357172036488783	0.0258739850119281	0.0208365519586458	0.0189737751445632	0.0163828951758178	0.0121665760932926	0.0130068605523796
110007T1	0.121088975393945	0.0548061620670582	0.257777415325126	0.143272182181493	0.11137766760685	0.0826617716090825	0.0581343089679974	0.049684294977225	0.0339066454041765	0.0219172834079796	0.0168906217440042	0.0151430363693546	0.0128491447386316	0.00980840349811921	0.0106820867089567
110008T1	0.151107595786916	0.0747730250599434	0.211514756191387	0.1294782819371	0.108662698914637	0.0810051404571361	0.0623727465125926	0.0502834476393315	0.0373838684214697	0.0244192191945644	0.0189507875549561	0.0161429531838461	0.0127533404556745	0.0101738545105792	0.0109782841798671
110009T1	0.127602969035856	0.0575064167271641	0.243606984682809	0.146270124852508	0.121716062838169	0.0898931607066244	0.0583488779344812	0.0436924642954157	0.0274549382251314	0.0203454448638283	0.0166394624904254	0.0149137479620095	0.0124196929166898	0.00932410555794136	0.0102655469109466
110010T1	0.149670383332738	0.0790177159512365	0.230852683501767	0.134334496604197	0.105046633762971	0.0765096781928532	0.0587246473669704	0.0452122385842433	0.0371631859571012	0.0222186012959145	0.0168192821999544	0.0146452742099326	0.0115789773034284	0.0087239245170914	0.00948227721960106
1100011T1	0.199041343329407	0.0890446141874011	0.282258513189601	0.130455134496471	0.0915955740909759	0.0552907987078613	0.0422064498336611	0.0253089429932286	0.022120447697397	0.0148958355382614	0.0129880775308518	0.0115208612157541	0.00907130964134416	0.00705060910845766	0.00715148843932738
130001D1	0.159199322962953	0.0629230804313328	0.231462272975087	0.121300495903582	0.108580654747599	0.0796326727328145	0.0575959866398586	0.0440706775628438	0.0407447316201957	0.0307387419092481	0.0213678015737248	0.0143870181709208	0.0103985454008521	0.00855800341838252	0.00903999395060507
130002D1	0.170680445210943	0.0544592770646422	0.224506391624161	0.131485964124902	0.111162217779565	0.0767274375990873	0.0564286754022098	0.0427815935331375	0.0403132405069644	0.0275246202932473	0.0208858146222679	0.0147165627479649	0.0111471993669912	0.00781866595740712	0.00936189416650935
130003D1	0.237540926764871	0.0791551760994442	0.174880044890367	0.0949049908438035	0.0961019829557489	0.0689654816541535	0.0645361470496402	0.0390874253397983	0.0407086149109465	0.0275084234204607	0.023354193053864	0.0176242008506027	0.0137256598927776	0.0103913729211865	0.011515359352336
130004D1	0.206197267303326	0.0615889399929181	0.199478127781034	0.113883401783755	0.103213604592682	0.0740799605760551	0.0578313743109123	0.0467181804865636	0.0405942148773832	0.0313347146827721	0.0210802643298379	0.0149803517019969	0.0114081999731567	0.00817177161882746	0.00943962598877932
130005D1	0.166286669409714	0.0658765088352613	0.209019854398768	0.125401217657023	0.109508037734752	0.0789494197514452	0.0600415602299705	0.0472724726805544	0.0377840390678815	0.0291280997161883	0.0221453996952721	0.0172565420501759	0.0115602550044877	0.00932277360213772	0.010447150166368
120001B1	0.157994458213112	0.0749189187707147	0.146205109268642	0.107265909380722	0.116661740459432	0.10412376803314	0.0788644499420904	0.0627137807257763	0.0430152769371224	0.0257329016952175	0.0215441545975084	0.0189870191407907	0.015915511162346	0.0125740779231812	0.0134829237502047
120003B1	0.261497468286637	0.106822817674674	0.165627330939032	0.0880024493286478	0.0805317600285981	0.0645360242962113	0.0534956421190741	0.0486011783491197	0.038170674759207	0.0234083659637072	0.0196327776192842	0.0171737234827631	0.0128614600205053	0.00994852143119651	0.0096898057013433
120004B1	0.25064914651221	0.10333836189965	0.179131060743576	0.0929943674212144	0.0837749016155224	0.0635097038843663	0.055642523363071	0.04647308933617	0.0380125429470548	0.0237000935010186	0.0177450603269452	0.015411386090403	0.0119877005597116	0.00849493639573501	0.00913512540335111
120005B1	0.218490257572658	0.0928111028250591	0.192903534408954	0.0882308413069987	0.086830288561348	0.0769591339607358	0.0626094714216277	0.0532772736418382	0.0350609041934114	0.022753204229462	0.018336769591969	0.0162783340377123	0.0136593381300161	0.0105473234726881	0.0112522226455214
120006B1	0.183572500227848	0.0797291235718798	0.217094534974947	0.112424835277984	0.0940365399564748	0.074772983516419	0.0597162448094998	0.0510032597700454	0.0386407043407158	0.0244884052467888	0.0175695320564495	0.0150650908886858	0.0121412346473897	0.00941313571936758	0.0103318749955041
120007B1	0.179672499079121	0.08923690993568	0.215516010215899	0.109250359084476	0.0905557841912273	0.0721791837178441	0.0590464757031656	0.0519313821389166	0.0361624496036105	0.0237917705183388	0.0198250733150854	0.0170698003675017	0.0140449467102209	0.0105880871812368	0.0111292682376763
120008B1	0.149122736309272	0.0688982375160988	0.209302760403867	0.122036588673832	0.108570797795614	0.0814292313392925	0.0618694523337806	0.0525108138646664	0.0473205553303077	0.0275193858435075	0.0208379666437891	0.01652711784033	0.0130130104199469	0.010215089256222	0.0108262564294731
120009B1	0.153042757100608	0.0682283461873662	0.155910267653171	0.12228799446238	0.128806516667875	0.109264782413572	0.0775180149743315	0.0536604359062773	0.0389245352647132	0.0233479581855805	0.0195390384321964	0.0160194475185163	0.0127873405958758	0.00999047222333764	0.0106720924141995
120012B1	0.107888481550925	0.0527316845427351	0.261071718457307	0.152829837293934	0.118240095759837	0.0831939641967577	0.0589433833128551	0.0509632359778886	0.035762286008323	0.0209585775728401	0.01578311224515	0.0130273197833719	0.0108074550600041	0.0081308944381543	0.00966795379991692
120017B1	0.234130773115998	0.0808013452316979	0.164559159144991	0.114568422954709	0.102670092712965	0.0714671609713331	0.0603441088746549	0.0445533084499805	0.0413599176813519	0.0233038981015542	0.0190441962440053	0.0149868914633724	0.0113709422188106	0.00799964598640919	0.00884013684816625
120018B1	0.258721058346319	0.0837499284817343	0.183104527772087	0.0910096469551242	0.0811841647666106	0.0653157329590198	0.0541022188042688	0.0390698613273449	0.0437339254903141	0.0289918256954202	0.0205501627244105	0.0174029353074785	0.0122936730730894	0.0100395832333236	0.0107307550634552
120019B1	0.204224165138437	0.0931782876588399	0.225240764408268	0.0967359776094748	0.0896370218722761	0.058339580600846	0.0536883988434147	0.0445246752636096	0.0447485432855257	0.027242062857368	0.0196984047567515	0.0152885761807462	0.0110324994498993	0.007680608301214	0.00874043377332959
120020B1	0.245453913749739	0.0809243299895403	0.195689288148265	0.08822428806365	0.0851863869432812	0.0630853903799673	0.0541191544634536	0.0466075654434671	0.0464864267486615	0.0298556731376578	0.019424403931394	0.015005315350064	0.0114251893483476	0.00810365126157684	0.0104090230409346
220022B1	0.117183588653339	0.055378637277844	0.129307076015811	0.102613589588558	0.13027462388905	0.125748905426965	0.0971552423850276	0.0789408838451583	0.0511872663290802	0.028845895152998	0.0241432767264149	0.0184598550218735	0.0148312615985387	0.0121373749371357	0.0137925231522068
220024B1	0.117829169879679	0.0428799902736285	0.118464531647138	0.109646620803046	0.140984459116071	0.133595535759655	0.101026454033935	0.0695062648180919	0.0600036315528838	0.0327403011468539	0.0207791393857168	0.016896109913705	0.0123551279927133	0.0102370396305165	0.0130556240463654
220025B1	0.17299048945147	0.0737697983589021	0.169201508145905	0.099458089204124	0.135039892005579	0.0932086313961044	0.0558675368891211	0.0512836476317889	0.0455841485471066	0.0291414710046535	0.0229576218418841	0.015781223226802	0.0141286564160553	0.00902977331386845	0.0125575125666349
220026B1	0.12600081710557	0.05836518586956	0.15484096013013	0.109811606094033	0.1350216513197	0.110769309086447	0.0799329259727291	0.0645503331254759	0.0516419830892297	0.0299897947486139	0.0233942216959451	0.0181570205813308	0.0137871411477474	0.0112428944869375	0.0124941555465509
220027B1	0.129033521516946	0.0520837070804673	0.161314341682836	0.121373815271452	0.145122287629528	0.0973685032751863	0.0820940322689193	0.0539316059237797	0.0530458693647645	0.0311878166318354	0.0232657215778572	0.016211393957919	0.0123167138632111	0.0103274400537368	0.0113232299015619
220028B1	0.109086729629254	0.0508575864077447	0.136441733427197	0.120014754240472	0.144175430032929	0.123987145745966	0.0920708952367988	0.0679639534728965	0.0524275872939311	0.0280277559701096	0.0207966170458156	0.0164303014006432	0.0134999130588511	0.0111571031903319	0.0130624938470587
220029B1	0.148827051844747	0.0617771496088694	0.123455739540841	0.0863987703531173	0.126998248036656	0.120495187752882	0.0976009740420006	0.0677545302214555	0.0554574490471725	0.0307705512122991	0.0214606644024864	0.0170922724372529	0.0152414854855461	0.012309741307383	0.0143601847072908
220030B1	0.183693748184548	0.0749869057145248	0.142034432132941	0.0883981135871301	0.115771404942939	0.106161699112819	0.0869472135149913	0.0595688764817962	0.0416364033030447	0.0262424223314903	0.0199239826466621	0.0166700811920895	0.0132022191720775	0.0117804514102377	0.012982046272708
220031B1	0.167203144084823	0.060902795597063	0.21032614632481	0.133961522505624	0.11142724199194	0.0813817554104024	0.0587881517563711	0.0511825522258063	0.040936292894063	0.0225921611864427	0.0181925322689782	0.0136998094392904	0.0115524146851759	0.0081034204049153	0.00975005922429488
320038B1	0.129342221502299	0.0621626845195122	0.254803131002926	0.134983378701723	0.107240493008291	0.0815646892658021	0.0579738452845611	0.0529807509389826	0.0346260157489847	0.0213375309438771	0.0163402644564271	0.0142011319488945	0.0123081602693181	0.00947165498745248	0.0106640474209481
320039B1	0.138029623762402	0.0659423492316585	0.238463592632369	0.127916671684116	0.107095413398873	0.0835930842477974	0.0605083348701613	0.0549638630835406	0.0365850956022589	0.0222235053232957	0.0171033054637814	0.0146917198611365	0.0123129602435718	0.00967655202700251	0.0108939285680354
320040B1	0.145904230647115	0.0757701377966853	0.229482996592871	0.123232835128926	0.104303032037591	0.0783229195470475	0.0575072133150617	0.053543771632773	0.035755312484043	0.0227758835081564	0.0186343523384019	0.0170782747447023	0.0142627461397657	0.0111052233020805	0.01232107078478
320041B1	0.117750357857688	0.0558157628867778	0.268005522421794	0.143022647602455	0.109517257587393	0.0806989238314686	0.0570032067927937	0.052064468468963	0.0348995673416038	0.0208441480006841	0.0160219183411811	0.0135517161798991	0.0115498702179296	0.0090303798584936	0.0102242526108763
320042B1	0.0780185587542109	0.0428424797236109	0.188189687481706	0.135155682267211	0.129570718845552	0.115375107910449	0.0833074866653653	0.0720000769539155	0.0448041112075855	0.0291448127520591	0.0216065256062566	0.0183513562325967	0.0157223255924056	0.0120580203002938	0.0138530497067815
320043B1	0.125189645035805	0.0588436940735679	0.255956005758874	0.140284707600763	0.108022833812768	0.0810216107316901	0.0578806955374583	0.0525012285372699	0.0369418587753499	0.0216646271454234	0.0163799392500143	0.0141069560742229	0.0118391928607722	0.00906995607087095	0.010297048735151
320044B1	0.122926806836845	0.0614182557779853	0.256264480641265	0.135004531352347	0.107292678563928	0.0780772037472118	0.0594568335224976	0.0546118092395502	0.0369513921733117	0.021998992886495	0.0168606870384073	0.0148181947794398	0.012793184169659	0.00997687744387797	0.0115480718271795
320045B1	0.165081364011363	0.067889555509271	0.229425888258306	0.127302817888485	0.104987499667544	0.0805052642562771	0.0574686160994659	0.0468444276822995	0.0387660753159492	0.0218709425229065	0.0167796589286912	0.0142606277903159	0.0112674639258534	0.00853477961617645	0.00901501852709604
320046B1	0.107065533545504	0.0755478553081436	0.286487536552807	0.15087102171234	0.116774510953498	0.0796725632756458	0.0508607040330912	0.0385645155844693	0.024593779614338	0.0172203480495188	0.0145567735172385	0.0122992562379243	0.0100868515488501	0.0073594808128863	0.00803926925374427
320047B1	0.180026238013856	0.0772518987009212	0.178502716119096	0.108655590271063	0.116551313601536	0.0883296929313482	0.0642900539334008	0.0476068248121427	0.0440640860596389	0.0243455101502286	0.0201869832662779	0.0167003243997329	0.0126327777160712	0.00973081119632887	0.011125178828358
320048B1	0.11828180469766	0.0509647887768394	0.131898618997211	0.121788026705918	0.146773795625523	0.132544811607989	0.0900376830373473	0.064383430362996	0.0469549314931453	0.0259748511738649	0.019106459412191	0.0150420939688477	0.0127025978454449	0.0108955109609892	0.0126505953340339
320049B1	0.135538402644866	0.059380514132755	0.122911460782977	0.102901013998912	0.130823023538162	0.12345657454624	0.0927036227904397	0.0680309123474471	0.058172855997599	0.0308851959496271	0.0213224931239195	0.0156243640853578	0.0136013014475708	0.0115936646752699	0.0130545999388573
320050B1	0.119049842170338	0.0597262591206725	0.265325966301324	0.137222058186336	0.105411798442786	0.08033017274016	0.0585879598026692	0.0548169046360661	0.0347007574111713	0.021030854618479	0.0160877813638879	0.0140415086168401	0.0128223320721364	0.00990229559936447	0.0109435089177677
320051B1	0.112549366823963	0.0567438285691	0.272100843066227	0.140375971326439	0.106977718484122	0.0831737064062243	0.0582543158812877	0.053501409440392	0.0338602683841169	0.0205544380159465	0.015464265797302	0.0139704758737127	0.0121653807411132	0.00939002727915109	0.0109179839109033
320052B1	0.234381241377928	0.103327255362279	0.189714430105227	0.0931387938291506	0.0831543639599307	0.0692273857140065	0.054097387663999	0.0481741793154389	0.0321912670868003	0.0218497618659705	0.0186463034734301	0.0166878185135376	0.0139218473447275	0.0104432030470495	0.0110447613405249
320053B1	0.130977655767564	0.0631430498888012	0.256745234634427	0.135496366383413	0.104523156936764	0.0782541505184687	0.0575659638206523	0.0526020987811339	0.0363489837804598	0.0217046888594585	0.0166710482516151	0.0142064341908118	0.0119550970816061	0.00936296447251443	0.0104431066323113
420054B1	0.186299732017665	0.0829135737714295	0.203707055589144	0.0969729135836852	0.086337568687033	0.0776764086355692	0.0592923293563797	0.05521339983178	0.0411490237714456	0.0304828185198363	0.0216958976079637	0.0184296241572744	0.0153713640913618	0.0116132193346928	0.0128450710447399
420055B1	0.172327209707503	0.0846713048898713	0.208825245300872	0.100440182839957	0.0883424740457407	0.0756928624210974	0.0610557180549756	0.0550836192567796	0.0431996226495914	0.0316629076259974	0.022516009665205	0.0183411977090101	0.0145041238969877	0.0109517949466816	0.0123857269897302
420056B1	0.176594540125841	0.0816038209270453	0.21144857674223	0.0965294179978896	0.0862222445399086	0.0748984398361344	0.0592115689004399	0.0559653531809212	0.0416529148660573	0.0314367165427129	0.0234378047812337	0.0198839109686229	0.0160005705546633	0.0121004069086773	0.0130137131276231
420057B1	0.129563529061807	0.0644733870321162	0.252962974167004	0.133414986218738	0.102731209707411	0.0813331552033821	0.058499803555765	0.0537234404966841	0.0360550367572622	0.0220620525846643	0.0166574480983293	0.0148694268718754	0.0129236831429609	0.00982526260426534	0.0109046044977343
420058B1	0.223533334409125	0.0782092423403567	0.194485743165962	0.118088869265598	0.0952149323266854	0.0694771639921202	0.0534908258313443	0.0459448218742263	0.0377496590910302	0.0218293442705557	0.01798077143745	0.0146850054449211	0.0112453125045438	0.00847298065624432	0.00959199338983592
420059B1	0.152393657475869	0.0671769220528306	0.236792330246208	0.12615779602307	0.103082771028126	0.078529819409021	0.0576350854039593	0.0535770579651931	0.0352711867470469	0.0221793871871431	0.0176041697311944	0.0157062319964426	0.0130611297121724	0.00982979938651712	0.0110026556352059
420060B1	0.156960754924387	0.0762425712728735	0.208052545000865	0.114349971413394	0.100348570873144	0.0790403877971743	0.0627809077370221	0.0587196890816018	0.0409314487847039	0.0259697622835503	0.0198589650691032	0.0173010890530938	0.0148220220270171	0.0114511267949316	0.0131701878871379
420061B1	0.161136519101835	0.0822022327011084	0.196136084655745	0.0986239612202241	0.0896285224889866	0.0801514080148353	0.0622823783075596	0.0584863722520055	0.0447588865754886	0.0330210072222386	0.0247487429746599	0.0215146576115586	0.0181722595063519	0.0138374443245605	0.0152995230428423
420062B1	0.14343847912528	0.0800759715445528	0.207516166125367	0.102134278533568	0.089970098995383	0.079982940127241	0.0648732358830793	0.0603382340868298	0.0440343851549008	0.0343925870238305	0.0247331188965097	0.021170896191271	0.0180771399838443	0.0139750503708611	0.0152874179574818
420063B1	0.161303892093324	0.0820614879801652	0.206603753806794	0.100610344819238	0.0866482728382929	0.0767379416668818	0.0611979784211287	0.059024417943583	0.043190673397385	0.0325248545186078	0.0239406747366791	0.0207556274227665	0.0177099824616876	0.013353515633223	0.0143365822602427
420064B1	0.183188828254335	0.0812948817193728	0.219804537524172	0.10091396915301	0.0873268108658037	0.072532792787045	0.0570727167551894	0.0533228795273939	0.0413091693862506	0.0295102282097498	0.0204008527477275	0.0167494320744632	0.014087452122422	0.0106394200396553	0.0118460288334096
420065B1	0.172498070040169	0.0807060443159658	0.223171225021671	0.101129678047441	0.087428511162925	0.0731437525588584	0.0579083362574118	0.0528197346371858	0.0457870458836142	0.031439087020406	0.0216834224057901	0.0171392417657229	0.0132275659257783	0.0103662815925472	0.0115520033645132
420066B1	0.175066869171409	0.079521264478933	0.220504780400334	0.0996249072195817	0.0851837569206827	0.072927651377052	0.0592138215740825	0.0547623674303835	0.0429756004229959	0.0315892349418965	0.0216443158919689	0.017685074310885	0.0149569338501082	0.0115253544132371	0.0128180675964501
420067B1	0.20709953000333	0.0817986797206354	0.20074153183601	0.0982477094519453	0.0877267892063922	0.0702881397663978	0.0566020083830612	0.0480745922203739	0.0448743320375863	0.0296360806224759	0.0219893100002072	0.0170860176353055	0.0134859240610879	0.0106301476217526	0.0117192074334392
420068B1	0.182293151804479	0.0789922010341588	0.215217166232765	0.105681126377437	0.0901495148170605	0.0696251912092949	0.0567660632150458	0.0495067591263383	0.0457646077888436	0.0298719909042265	0.0225289746410762	0.0175085260908583	0.0137677220178983	0.0104409419846806	0.0118860627558367
420069B1	0.193955298412761	0.0837175916506808	0.213508733439336	0.096371340299062	0.0840974188118018	0.0709123159980906	0.0573908485691324	0.0512308228008679	0.0427865272938228	0.0300606041651904	0.0217568967719062	0.0173951952461771	0.0143991128740668	0.0106041673365556	0.0118131263305489
520070B1	0.21899795726155	0.0995245629165235	0.17860849478484	0.0918158800937871	0.0820506514466676	0.0718825244799731	0.0564104240240352	0.0505505034776345	0.0415365996507281	0.0290504486816355	0.0222667969466273	0.018588013498614	0.0151394867807784	0.0112714851688534	0.012306170787753
520071B1	0.205956347686788	0.0940961440220688	0.178811201852901	0.096777251969506	0.087799759401343	0.0698731980431115	0.0597266671446804	0.0506668096563257	0.0420465405241573	0.0307189221831603	0.023757732765981	0.0192457068931392	0.0156356201414827	0.0119106522677796	0.0129774454475753
520072B1	0.229265619918543	0.0966746353236311	0.17786116761438	0.0890071397818229	0.0841440401431788	0.0695311707622008	0.0563286768576675	0.0494258775363801	0.0416938171723676	0.0294035501420862	0.0220720177787116	0.0178752907807101	0.0145098867353593	0.0107351187727609	0.0114719906802005
520073B1	0.126931664833026	0.0623928328720924	0.125101103261835	0.097519469416155	0.121311608951411	0.12662972871889	0.0954536146999593	0.0819867457192195	0.0488996782629677	0.029362908677107	0.0223140658336924	0.0189501362070916	0.0158864429044952	0.0127668721309913	0.014493127511067
520074B1	0.185638330323997	0.0851622390350554	0.212346734697202	0.101578599291764	0.0893679298057439	0.0766923498673258	0.0578784114433941	0.0550287825679141	0.0381734921028501	0.0248501001365022	0.0190535921900826	0.0169222299471362	0.0144525983623253	0.0109570658167223	0.0118975444119854
520075B1	0.168535855384786	0.0781014764503282	0.212719846737867	0.104563495350481	0.0990513445428478	0.0821641469868503	0.0603163854862377	0.0548224572531292	0.0405209488736453	0.0260993937210714	0.019733405502038	0.016533277558987	0.0139188774052568	0.0107731498993048	0.0121459388471703
520076B1	0.118484452208501	0.0597916647173077	0.131653689280954	0.101843708928036	0.119544720367935	0.129061174500375	0.098605055371781	0.0796157013872029	0.0487591353045718	0.0281135295841435	0.0219101985939241	0.0187989633970317	0.0162439354401368	0.0128968363339619	0.0146772345841366
520077B1	0.196757757846535	0.0848437274321997	0.21833061570635	0.108031248540965	0.0885754975500181	0.0722446175656695	0.054667528760411	0.050625581140834	0.0363193419838638	0.0229567103679116	0.0177528097156359	0.0154645305407021	0.0128223063921756	0.0099090719708099	0.0106986544859181
520078B1	0.173281829961705	0.0757361506027917	0.221349694789726	0.113490581911261	0.0986520511876004	0.079128056497114	0.0588557196687611	0.0502687669865616	0.0388417672037132	0.0239897838860061	0.0181366473471392	0.0153786903600281	0.0126566071309477	0.0094860433288074	0.0107476091378371
520079B1	0.180124785689563	0.0853489898134628	0.170975104228783	0.096960468295569	0.100236531076293	0.0914862592823869	0.0699074998502242	0.0575445937342486	0.0420558765016614	0.0264962750116492	0.0212271732165439	0.0193832728172731	0.014808303375635	0.0112036071693756	0.0122412599373309
520080B1	0.175276641611064	0.0851270288402761	0.224527648505347	0.109672042527125	0.0888958241419648	0.0744508399298773	0.0560898743213895	0.0531888190800722	0.0378197833708032	0.0244427351785744	0.0181996624555537	0.0162016722793634	0.0138637973682156	0.0106632630291777	0.0115803673611958
520081B1	0.172960952291759	0.075317407213997	0.222337958215241	0.116607526768451	0.100928981468961	0.0755781581184801	0.0582997080250763	0.0491059305428379	0.0413425944598364	0.0247782730249151	0.018146878254859	0.014548083884436	0.0113486557076958	0.00873711494054389	0.00996177708291025
520082B1	0.117183637226258	0.0626089314890053	0.127150048904437	0.0997639897921721	0.122977598761633	0.124994181295432	0.0962009040713216	0.0791902613974971	0.0483142929794025	0.0291322123550574	0.0230248576324142	0.0205710231527148	0.0180206110392734	0.0145308412776155	0.0163366086257658
520083B1	0.154264684961294	0.0817621447779274	0.217088857995711	0.10818138019927	0.0919801652262125	0.0796203273384077	0.0607085308512309	0.0579971724738435	0.0388689962585766	0.0270431916649715	0.020710119122642	0.0190857200332009	0.0165523097682514	0.0125651520938362	0.0135712472346251
520084B1	0.14082799009472	0.0750182831717824	0.211453806270489	0.116077848766964	0.102780853688328	0.0830325952973572	0.0639278596395533	0.0585194440481117	0.0408455925253723	0.0279340873492119	0.0209050529523462	0.0183234853117278	0.0152943031531065	0.0118514050264069	0.0132073927045224
520085B1	0.183032211182577	0.0833757700337352	0.133255011140881	0.0904464788242618	0.104772045832539	0.101028690851079	0.0805501616063044	0.0645892100722704	0.0458856688214807	0.0280410490883863	0.0238227692903441	0.0197673870451596	0.0155003717283739	0.0124217307884104	0.0135114436941972
620087B1	0.216536647293425	0.0953601675514551	0.189643667673507	0.101137903847732	0.083872191309687	0.0697852104680324	0.0551041668723954	0.0507736992858346	0.0390641587815094	0.0251457695106554	0.0199847996638997	0.0172981433973305	0.0141757761687699	0.0107764131178508	0.0113412850579159
620088B1	0.186348590677899	0.0865683639653859	0.194909746147676	0.105843144754239	0.0931073888086946	0.0795951533661032	0.0591912626803123	0.0537680747602868	0.0408260627595491	0.0272509465310693	0.019975893775874	0.0169271461272783	0.0138227599996064	0.0103799823517179	0.0114854832943081
620121B1	0.119201038470141	0.064557180048039	0.249956379852403	0.129608651759946	0.103544300668718	0.0837734086695533	0.0600839354613207	0.056919536618298	0.0364906200385514	0.0228386273888441	0.0178906027708164	0.0163553207146451	0.014843555493783	0.0112190572508975	0.0127177847940431
620122B1	0.130793845148787	0.0652590180920441	0.128602372919879	0.100047979802897	0.120160549566451	0.126989544943717	0.0907409133325877	0.0738028536358496	0.050442297235556	0.0299307166001199	0.0215648714550595	0.0182400738261296	0.0161494673269367	0.012618724269926	0.0146567718440593
620123B1	0.119183418685051	0.0602923981325803	0.153118875553862	0.118891603501377	0.131642969743063	0.12345543795417	0.0823875792436086	0.0664833108787767	0.0426795348763899	0.0260848810619967	0.019575679390371	0.0169254177690632	0.0143371119665165	0.0116423282279625	0.0132994530152117
620124B1	0.0763152174502746	0.0400333879154464	0.181275009104676	0.136105147316214	0.132434169226121	0.116777441568343	0.0854214630336245	0.0731864720177476	0.0457935316155825	0.0297871112689009	0.0221092241412285	0.0185068769163699	0.0158278581402879	0.0122829827038969	0.0141441075812863
620125B1	0.0702248333638341	0.0365890187063317	0.0912990314946224	0.0861511292017367	0.119912170764226	0.156271130219844	0.131909841687094	0.109872160179246	0.0596365605849509	0.0379381871268775	0.0264905830137942	0.0216425864817763	0.0188224527956647	0.0151098141136481	0.0181305002663531
620126B1	0.245457612666315	0.109056932401452	0.182348932611326	0.0914312271365279	0.0788589612532412	0.0712119535452634	0.0554786367926637	0.0449704846668373	0.0298199130728473	0.0213321797727475	0.0183359275379943	0.0166375953257253	0.0137321343587582	0.0102891174266786	0.0110383914316225
620127B1	0.231616320742293	0.105431352680045	0.188623992507427	0.0932485387484989	0.0817764881614281	0.07280840727628	0.0568578004731256	0.0457765864158268	0.0291409477916563	0.0217846077352258	0.0188792122003985	0.017465931077373	0.0146781141721047	0.0108813353249347	0.0110303646933828
620128B1	0.211045284872806	0.0995985315937748	0.199023366904117	0.106833851015714	0.0869314793419653	0.0723024518484385	0.0533092894954129	0.046639722417664	0.0310370203493068	0.0218704130316231	0.0182794622236743	0.0173037818242629	0.0142739970023595	0.0105877846819039	0.010963563396976
620129B1	0.177053539501661	0.0680421325862561	0.161813271346576	0.111199105031523	0.112597758277617	0.102967579240454	0.0791059528480143	0.0604214278380702	0.0358597804405349	0.0231869810397017	0.0185570612227803	0.0154487526571257	0.012446888957812	0.00976887895592577	0.0115308900559466
620130B1	0.193698462208466	0.0745940436908085	0.21000775895506	0.103021724555288	0.112173706776307	0.0781926011475023	0.0539354355278468	0.0419024001726704	0.0391990150290826	0.0243092860491863	0.0220433362734952	0.0150033798874652	0.0122113853983742	0.00984876527663501	0.00985869905181336
620089B1	0.162415601942817	0.0701376433141117	0.242793347447292	0.127390073733027	0.0960616727800183	0.0738910617462639	0.0572941316939347	0.0510117730735287	0.0364679209530517	0.0210154715595477	0.0166990228620158	0.0143044657333716	0.011555197496179	0.00895677373713697	0.0100058419277041
620090B1	0.243981206435456	0.0922649209762567	0.176547561876084	0.098651847624099	0.0894960250531965	0.0655900557493758	0.0562919100400217	0.0471597120538421	0.0398438369429274	0.0229786403089442	0.0195410496159974	0.0154282098407199	0.0123527251257731	0.00964373207782723	0.0102285662794796
620091B1	0.169649552421294	0.0782242581766155	0.215156423604354	0.116059326299741	0.0981249302290682	0.0785988445569992	0.0624322716522271	0.0565210785456939	0.0367940031809806	0.0222727698974515	0.0178266140594553	0.0155574933851629	0.0126747968755796	0.00949240306294691	0.0106152340524311
620092B1	0.221106685429621	0.0975251783311269	0.200427428312131	0.0894129194505889	0.0813056570615255	0.0697590617573224	0.0577635249271865	0.0525440358716008	0.0349650182496358	0.0229745859263199	0.0187285802355912	0.0171145348771269	0.0142016530022368	0.0107940892216469	0.01137704734634
310001T1	0.104359461933173	0.0483515824139352	0.279902586894046	0.14097814880391	0.107013019923058	0.0839627396766034	0.061235547574668	0.0567329894062143	0.0363286948791129	0.0216698723738351	0.0150781520565939	0.0129259888694437	0.0117337153041413	0.00895687249287483	0.0107706273983909
310002T1	0.166259475777319	0.0650967542890272	0.235261870884065	0.113391132673523	0.0932119931142674	0.0781505342546257	0.0611179836719872	0.0560543711014438	0.0394518310488569	0.0250592666650694	0.017974027297618	0.0150900991833188	0.0129668005838439	0.0096447132382377	0.0112691462167962
310003T1	0.135720904455243	0.0657131750658856	0.305106362429329	0.124896846796333	0.0908533653241954	0.0664135644826837	0.0504847603614344	0.047235054150397	0.0342816960442277	0.0213352365090488	0.0150066347088404	0.0125148113621809	0.0114738801372795	0.00876105733342843	0.0102026508394926
310004T1	0.119721749249453	0.0541930482412865	0.249984632809606	0.134874729207825	0.112337404295576	0.0884554122303001	0.0643975162787873	0.0574593572318509	0.0363532243585325	0.0211738336826915	0.0160266516714857	0.0136344656635373	0.0116759511437188	0.0090405936710279	0.0106714302643218
310005T1	0.12952209585012	0.0677337444849491	0.359499837547468	0.126735795315726	0.0854041318438958	0.0625260453202813	0.0438787417096247	0.0376451714472855	0.0221225747197096	0.0148468608482529	0.0124447776938205	0.0112482193281839	0.0103467730962385	0.00760506161511576	0.00844016917932778
310006T1	0.128661479732844	0.0549411055011952	0.291037487347431	0.13031749137626	0.0926138262514858	0.0697550999262477	0.0556730238297453	0.0534000194969876	0.0364319350836211	0.022058251991372	0.0162985354762138	0.0147708836288289	0.0130151478262367	0.00989539854566065	0.0111303139858702
310007T1	0.132097790683849	0.0598365235929063	0.278907296290434	0.123964657687102	0.09721976251535	0.0760979930841823	0.0577319219145489	0.0541415930902417	0.0366414272742633	0.0228967481133519	0.0155710616973754	0.0132759779708904	0.0116998973908047	0.00924009684127462	0.0106772518534251
310008T1	0.112892217952524	0.0565401314411133	0.245055544469378	0.129340156894836	0.106422549811142	0.0859626623534321	0.065611281657407	0.0617496296761355	0.0416227126544673	0.0255616759303122	0.0181012548931686	0.0156602359070441	0.0132550738465444	0.0102858161758529	0.0119390563366414
310009T1	0.0953377092990175	0.0558926217253337	0.245085438475193	0.136222672625973	0.11001794524579	0.0917907234537921	0.0678313341478811	0.0625518657030308	0.0398735648874912	0.0248786504807482	0.0180885434224215	0.0161495824092383	0.0136737857456218	0.0106193118203807	0.0119862505580864
310010T1	0.111958129609822	0.0558768929034673	0.269996277739507	0.137518539952901	0.102895464212156	0.0823055995278089	0.0598625128247618	0.0580429330981791	0.0354120193447472	0.0212030343462512	0.0158286508760994	0.0143602861348468	0.0129705961839085	0.0100406044195079	0.0117284588260364
310011T1	0.152736626406346	0.0686955826871711	0.272079834866574	0.109344659016943	0.0841541142883395	0.0745899420170084	0.0613622574198821	0.0554362242009769	0.0320320369193679	0.020860530494512	0.0162880003848122	0.0152941431099548	0.0140316278148696	0.0108695540125642	0.0122248663606783
310012T1	0.137347766214174	0.0620508904190822	0.281726332079472	0.120404583056737	0.0940394762038521	0.0757811152203506	0.0590742038721384	0.0540776543432986	0.0307936025191436	0.0195621435585705	0.0159442547866129	0.0146924245243292	0.0130526984808008	0.0100822329182007	0.0113706218032369
310013T1	0.137389065140762	0.071806458137643	0.241235702182112	0.119018125575597	0.0953168892893569	0.0809291733018167	0.0625128300744142	0.057896397887983	0.0369710887905983	0.0243218235587385	0.0183867950521811	0.0164906314213149	0.0142972095016235	0.0110492903033902	0.0123785197824694
310014T1	0.120244260485027	0.0566501760180509	0.245004581137183	0.135105677126518	0.10632189269063	0.0830861946307266	0.0614565520668746	0.0574572304449863	0.0411435666217992	0.0262644939386757	0.0177214085825162	0.0150970001377965	0.013166554653456	0.00991775099339154	0.0113626604723682
310015T1	0.113576036245607	0.0555058283727867	0.27640726407931	0.13353070640187	0.102110111044977	0.0782963546393775	0.0588100287680543	0.0561138918913583	0.0365760477766298	0.023140707779056	0.0166798884313826	0.0146241063105216	0.0128326782773798	0.0101649766582839	0.011631373323406
310016T1	0.112635926117985	0.0520773549313733	0.270693353206209	0.135574033432538	0.105493223288306	0.0824909983229684	0.0613067584944396	0.0561850384112601	0.0371322176233742	0.0232687733614236	0.0166266194886586	0.013956065469243	0.0119054896434649	0.0095379282297464	0.0111162199790096
320001D1	0.105710951856782	0.0530503809767623	0.264717457590312	0.143122440515353	0.108888635920047	0.0852701663221481	0.0624205232223434	0.0547671828888147	0.0397760246862514	0.0235820982958886	0.0164111371926429	0.0136470564575974	0.0109872498750677	0.0082936312306522	0.00935506296933769
320002D1	0.107841414472393	0.0519750359810731	0.261955426824054	0.144481089557207	0.108732372220235	0.0848164323072525	0.0634116457891118	0.0550147468806008	0.0398480803666412	0.023675509450558	0.0162697393309927	0.013565643224757	0.0109784790090223	0.0082234672788273	0.00921091730727363
320003D1	0.108364544182807	0.0525438774241452	0.264706203298157	0.143420124587211	0.108209259683648	0.0836034524585108	0.0624365209546522	0.0548890733802727	0.0406543373837682	0.0235092352073197	0.0160732827869499	0.0134915584116157	0.0107713120766794	0.00818464126658535	0.00914257689767779
320004D1	0.10702886465815	0.0520161729124822	0.266946821072686	0.144197805106507	0.109064011421515	0.0832483713165833	0.0617679785034242	0.0543868904084458	0.0395566209003168	0.0237040584629031	0.0161113282948126	0.0136475912145656	0.0107539400233522	0.00834383781620906	0.00922570788804644
320005D1	0.121596329591159	0.0557745147372507	0.252936957387243	0.144271907339626	0.108510564865457	0.0802779472004452	0.0604180308497206	0.0536403913550417	0.0419491897422255	0.0228692122592641	0.0164860837272075	0.0135129719788628	0.0102799799593429	0.00809291585588848	0.00938300315126485
320006D1	0.151889989816522	0.0615247542337104	0.259998333046188	0.125744671649934	0.0950570593615182	0.0735700434083739	0.063848965652585	0.052344738120708	0.0380568962372953	0.0213105390200036	0.0160076887286434	0.0136855668945677	0.0102111046472888	0.00806737507565261	0.0086822741070091
320007D1	0.121067624538583	0.0547662499097337	0.289795874389382	0.142609419505564	0.100705229547569	0.0754423657519172	0.0595512140903617	0.0503705290948	0.0347615531396545	0.0193940855781111	0.0145002169246406	0.0122482135259515	0.0095079948902945	0.0073019841331642	0.00797744498027335
320008D1	0.119564837461104	0.0555997448418694	0.259664887496854	0.141796993585355	0.112014297775412	0.079143794001127	0.0603191331043269	0.0519742766879234	0.0402944199461953	0.0227371946835122	0.0163884712040755	0.0131559380445283	0.0105255888470518	0.00774143959790474	0.00907898272275998
720095B1	0.14975157573343	0.0699937489708112	0.23406000880033	0.115598623799484	0.0937013590504605	0.0777109987505441	0.0583498622378776	0.054740867822512	0.0428865687795588	0.0303986437644113	0.0204652748843264	0.016488396743626	0.0136771274407099	0.0103590910855465	0.0118178521363717
720096B1	0.190693669306386	0.0850326786712597	0.212624735645369	0.096061744969909	0.0814761490149061	0.0723938711002925	0.0583433050345167	0.0553512050220481	0.041458846552837	0.0299289732081196	0.0205738175875223	0.017871678268961	0.0147117382134733	0.0111765652410541	0.0123010221633463
720097B1	0.215796007169814	0.0811916492170145	0.200752473657883	0.098514832885681	0.0836030452106797	0.0690474624914519	0.0554802660541557	0.0483423023140025	0.046658881961647	0.0300702817083817	0.0208039674620235	0.0160873911656688	0.0127609127355284	0.00996773025820195	0.0109227957078661
720098B1	0.168671631958248	0.0805458888181624	0.239117024896243	0.107221846720744	0.087274662905033	0.0702866909300903	0.0561761699827492	0.0492459270445441	0.0430466882459685	0.0280965405228067	0.0201901391918484	0.016183310394969	0.0127932659484538	0.0100293662007327	0.0111208462394064
720099B1	0.224343877168768	0.0780156704761811	0.190031434208035	0.100365173222909	0.0911766907842348	0.0681482476198037	0.0577200829470149	0.0453837627463163	0.0498824262657615	0.0302388160065784	0.0200188234322538	0.0153566211886977	0.0113275453244871	0.00857620705702471	0.00941462155193341
